0.012318
0.111594
0.108015
0.111159
0.103030
0.110699
0.109240
0.110807
0.096868
0.112001
0.111041
0.116500
0.106201
0.113022
0.113055
0.115854
0.092135
0.117650
0.114149
0.119179
0.104618
0.120967
0.110342
0.123428
0.114908
0.126624
0.126380
0.130230
0.112812
0.133774
0.130967
0.137036
0.060711
0.140817
0.153709
0.077587
0.154578
0.139902
0.135264
0.144746
0.148329
0.149623
0.142647
0.154843
0.115596
0.160118
0.075055
0.165299
0.314133
0.170588
0.191960
0.176473
0.205118
0.183516
0.192893
0.192369
0.197912
0.207144
0.219157
0.190702
0.224689
0.208498
0.212921
0.217931
0.161528
0.226375
0.230629
0.235078
0.249840
0.244704
0.256887
0.255483
0.272825
0.267261
0.276951
0.279727
0.295960
0.292720
0.304242
0.306444
0.326827
0.321867
0.336213
0.337774
0.358196
0.356840
0.371301
0.378184
0.402450
0.401679
0.414798
0.427170
0.444375
0.454819
0.470656
0.485274
0.525800
0.519618
0.540218
0.559135
0.584834
0.605110
0.632254
0.658779
0.698809
0.722199
0.758704
0.796206
0.841862
0.885651
0.938653
0.995930
1.081826
1.135904
1.221648
1.319554
1.437921
1.570462
1.733310
1.932772
2.175281
2.501276
2.925933
3.523354
4.417412
5.907436
8.892058
17.830033
8192007.935996
17.941638
9.001580
6.018376
4.523521
3.633425
3.034856
2.610885
2.262006
2.042703
1.842076
1.681382
1.545302
1.431563
1.329413
1.248420
1.202161
1.108004
1.048766
0.996518
0.953336
0.905850
0.877703
0.835796
0.788696
0.765599
0.739758
0.712993
0.696351
0.667993
0.650424
0.629047
0.624468
0.594679
0.576811
0.563846
0.546091
0.536029
0.523366
0.511081
0.498159
0.488946
0.475831
0.469398
0.450933
0.452050
0.435795
0.433870
0.429635
0.419479
0.407441
0.404556
0.391950
0.390213
0.381972
0.376894
0.376097
0.364943
0.359082
0.354398
0.350060
0.344938
0.341559
0.336067
0.336899
0.327403
0.324075
0.318968
0.315038
0.312261
0.305190
0.300461
0.309218
0.294666
0.293561
0.288930
0.289928
0.283517
0.282016
0.278023
0.297280
0.272165
0.257001
0.266007
0.260234
0.259925
0.257640
0.254377
0.266364
0.249581
0.247654
0.245127
0.258333
0.211750
0.252028
0.241150
0.222928
0.236548
0.235510
0.232192
0.225472
0.228026
0.229223
0.224339
0.235519
0.221232
0.205315
0.218460
0.202500
0.215521
0.208239
0.211863
0.190782
0.206899
0.205734
0.197778
0.199434
0.220850
0.201920
0.203553
0.211185
0.199127
0.199147
0.196471
0.199311
0.194361
0.194780
0.192221
0.164155
0.189877
0.189059
0.187536
0.185602
0.185619
0.182597
0.184526
0.190635
0.184718
0.176220
0.192866
0.167656
0.175233
0.172072
0.176438
0.166455
0.174817
0.168605
0.172452
0.163581
0.170097
0.164942
0.168200
0.172520
0.166829
0.167913
0.165707
0.166803
0.164428
0.165362
0.162736
0.166232
0.160691
0.162682
0.163686
0.161880
0.157265
0.159697
0.156351
0.156254
0.155981
0.156511
0.155699
0.155910
0.155031
0.159555
0.153745
0.144582
0.151978
0.149691
0.150163
0.146786
0.148795
0.148542
0.148221
0.141714
0.149223
0.150451
0.143471
0.148289
0.145048
0.144390
0.144297
0.170239
0.143030
0.141583
0.141804
0.143916
0.141019
0.147183
0.140757
0.129056
0.140728
0.137618
0.140426
0.132642
0.139380
0.137462
0.137187
0.146632
0.128232
0.122379
0.137601
0.125992
0.134803
0.134599
0.133651
0.118546
0.133089
0.136305
0.132575
0.126706
0.131762
0.126891
0.130630
0.132398
0.129474
0.128821
0.128702
0.127293
0.128514
0.122677
0.128483
0.110236
0.137510
0.136573
0.131530
0.125097
0.130774
0.125264
0.129598
0.149757
0.128167
0.122949
0.126899
0.124668
0.126080
0.124963
0.125667
0.102021
0.125329
0.125382
0.124674
0.125483
0.123495
0.127073
0.121659
21.413879
0.121662
0.122745
0.120479
0.123455
0.120387
0.122357
0.120876
0.115499
0.121436
0.120469
0.121588
0.117409
0.121128
0.118883
0.120218
0.112061
0.119270
0.117765
0.118695
0.114790
0.118646
0.117464
0.119013
0.110094
0.119059
0.116988
0.118809
0.114595
0.118048
0.116557
0.117050
0.100873
0.116267
0.116229
0.116057
0.112928
0.116444
0.113636
0.117086
0.111546
0.117464
0.112927
0.117128
0.111246
0.115561
0.119372
0.120902
0.096894
0.115808
0.110925
0.114863
0.109060
0.114686
0.112450
0.114821
0.114596
0.114843
0.100898
0.114520
0.099244
0.113984
0.114537
0.113722
0.179159
0.114481
0.112756
0.117596
0.083499
0.134653
0.081911
0.097553
0.118063
0.108202
0.101157
0.110612
0.082263
0.111190
0.090817
0.111107
0.056810
0.111012
0.221101
0.111219
0.162099
0.111669
0.123980
0.112060
0.121226
0.112161
0.122518
0.112422
0.108955
0.165300
0.101298
0.105306
0.187062
0.106112
0.113032
0.106818
0.127348
0.107848
0.111395
0.108847
0.123592
0.109424
0.118948
0.109444
0.122912
0.109118
0.112581
0.108868
0.132225
0.109100
0.110982
0.110277
0.116333
0.107890
0.110837
0.109829
0.124850
0.109945
0.111176
0.109371
0.116914
0.108530
0.111595
0.107930
0.231823
0.107929
0.111594
0.108530
0.116913
0.109371
0.111176
0.109945
0.124850
0.109828
0.110837
0.107890
0.116333
0.110277
0.110982
0.109100
0.132224
0.108868
0.112581
0.109117
0.122912
0.109444
0.118948
0.109423
0.123592
0.108847
0.111395
0.107847
0.127348
0.106817
0.113031
0.106111
0.187062
0.105306
0.101298
0.165300
0.108954
0.112422
0.122518
0.112161
0.121226
0.112060
0.123979
0.111669
0.162099
0.111219
0.221101
0.111012
0.056810
0.111107
0.090817
0.111190
0.082263
0.110612
0.101157
0.108201
0.118063
0.097552
0.081910
0.134653
0.083498
0.117596
0.112757
0.114481
0.179159
0.113722
0.114537
0.113984
0.099244
0.114520
0.100898
0.114842
0.114595
0.114821
0.112450
0.114686
0.109059
0.114863
0.110925
0.115808
0.096894
0.120902
0.119372
0.115561
0.111246
0.117127
0.112927
0.117464
0.111546
0.117086
0.113636
0.116443
0.112928
0.116056
0.116229
0.116267
0.100873
0.117050
0.116557
0.118048
0.114595
0.118808
0.116988
0.119059
0.110094
0.119013
0.117464
0.118646
0.114789
0.118695
0.117765
0.119269
0.112060
0.120217
0.118883
0.121127
0.117408
0.121587
0.120468
0.121434
0.115498
0.120875
0.122355
0.120385
0.123451
0.120475
0.122739
0.121649
10.917354
0.121671
0.127079
0.123499
0.125486
0.124677
0.125384
0.125330
0.102022
0.125668
0.124964
0.126081
0.124669
0.126900
0.122950
0.128168
0.149758
0.129599
0.125265
0.130774
0.125098
0.131531
0.136574
0.137511
0.110236
0.128483
0.122677
0.128515
0.127293
0.128702
0.128822
0.129475
0.132398
0.130631
0.126891
0.131763
0.126706
0.132576
0.136305
0.133089
0.118547
0.133651
0.134599
0.134803
0.125992
0.137602
0.122379
0.128232
0.146632
0.137187
0.137462
0.139381
0.132643
0.140426
0.137618
0.140728
0.129056
0.140757
0.147183
0.141019
0.143916
0.141804
0.141583
0.143030
0.170240
0.144297
0.144390
0.145048
0.148289
0.143472
0.150451
0.149223
0.141714
0.148221
0.148542
0.148795
0.146786
0.150163
0.149691
0.151979
0.144583
0.153745
0.159556
0.155031
0.155911
0.155699
0.156512
0.155981
0.156254
0.156351
0.159697
0.157265
0.161880
0.163686
0.162682
0.160691
0.166232
0.162737
0.165363
0.164428
0.166803
0.165707
0.167913
0.166830
0.172520
0.168201
0.164942
0.170098
0.163582
0.172452
0.168606
0.174817
0.166455
0.176438
0.172072
0.175233
0.167656
0.192867
0.176221
0.184719
0.190635
0.184526
0.182597
0.185619
0.185603
0.187537
0.189060
0.189878
0.164155
0.192220
0.194779
0.194361
0.199310
0.196471
0.199147
0.199127
0.211184
0.203553
0.201920
0.220850
0.199434
0.197777
0.205734
0.206899
0.190781
0.211863
0.208239
0.215521
0.202500
0.218460
0.205314
0.221232
0.235518
0.224339
0.229223
0.228025
0.225472
0.232192
0.235510
0.236547
0.222927
0.241150
0.252028
0.211750
0.258332
0.245127
0.247654
0.249581
0.266363
0.254376
0.257639
0.259924
0.260234
0.266007
0.257000
0.272165
0.297280
0.278022
0.282015
0.283517
0.289928
0.288930
0.293561
0.294666
0.309217
0.300461
0.305190
0.312260
0.315038
0.318968
0.324075
0.327403
0.336899
0.336066
0.341558
0.344937
0.350060
0.354397
0.359081
0.364943
0.376096
0.376893
0.381971
0.390213
0.391949
0.404556
0.407441
0.419479
0.429634
0.433870
0.435794
0.452049
0.450932
0.469397
0.475830
0.488946
0.498158
0.511080
0.523365
0.536028
0.546090
0.563845
0.576810
0.594677
0.624467
0.629047
0.650423
0.667992
0.696351
0.712993
0.739757
0.765598
0.788695
0.835794
0.877701
0.905848
0.953335
0.996516
1.048764
1.108003
1.202159
1.248418
1.329411
1.431561
1.545300
1.681380
1.842073
2.042701
2.262003
2.610880
3.034849
3.633418
4.523512
6.018366
9.001564
17.941610
8191996.415999
17.830013
8.892050
5.907429
4.417407
3.523352
2.925931
2.501274
2.175279
1.932769
1.733308
1.570460
1.437919
1.319553
1.221647
1.135902
1.081824
0.995929
0.938652
0.885650
0.841861
0.796205
0.758703
0.722199
0.698808
0.658778
0.632253
0.605109
0.584833
0.559134
0.540217
0.519616
0.525799
0.485274
0.470656
0.454819
0.444375
0.427170
0.414798
0.401679
0.402450
0.378184
0.371300
0.356840
0.358196
0.337774
0.336212
0.321866
0.326826
0.306444
0.304241
0.292720
0.295960
0.279727
0.276950
0.267261
0.272825
0.255483
0.256886
0.244704
0.249840
0.235078
0.230629
0.226375
0.161527
0.217930
0.212921
0.208498
0.224689
0.190702
0.219157
0.207144
0.197912
0.192368
0.192893
0.183515
0.205117
0.176473
0.191959
0.170587
0.314133
0.165298
0.075055
0.160117
0.115596
0.154842
0.142647
0.149623
0.148329
0.144746
0.135264
0.139902
0.154578
0.077587
0.153709
0.140817
0.060710
0.137036
0.130967
0.133774
0.112812
0.130230
0.126380
0.126623
0.114908
0.123427
0.110342
0.120966
0.104618
0.119178
0.114149
0.117650
0.092135
0.115854
0.113054
0.113021
0.106200
0.116500
0.111041
0.112001
0.096868
0.110806
0.109240
0.110699
0.103030
0.111159
0.108014
0.111594
