0.232150
0.288905
0.287296
0.291465
0.290319
0.296588
0.297051
0.303237
0.295327
0.308553
0.305468
0.312969
0.311743
0.311502
0.313345
0.322312
0.309614
0.326920
0.323113
0.332494
0.317748
0.340060
0.311454
0.345439
0.373579
0.352687
0.357943
0.359397
0.360176
0.367602
0.367453
0.372406
0.360313
0.369663
0.379559
0.388624
0.376886
0.400262
0.393917
0.407072
0.382566
0.415707
0.406689
0.426146
0.369195
0.434677
0.354983
0.446606
0.658004
0.456183
0.490449
0.469129
0.503711
0.482100
0.496460
0.491823
0.512817
0.520193
0.524964
0.521803
0.537690
0.540621
0.552061
0.555765
0.490530
0.571576
0.579598
0.588147
0.611237
0.610079
0.620346
0.629686
0.661500
0.652785
0.669498
0.678013
0.706883
0.702056
0.720882
0.733599
0.770072
0.761212
0.781616
0.796991
0.827828
0.833549
0.856769
0.873550
0.902394
0.918893
0.946360
0.970955
1.001513
1.024569
1.056537
1.084877
1.115035
1.155098
1.194960
1.234670
1.281245
1.325161
1.378155
1.431024
1.493405
1.558273
1.628279
1.705739
1.793987
1.883235
1.989952
2.104860
2.242912
2.385261
2.555930
2.752021
2.988200
3.251643
3.577423
3.975794
4.467524
5.113644
5.963678
7.154271
8.943493
11.923697
17.887800
35.772558
16384006.143999
35.773908
17.887574
11.926287
8.939973
7.155007
5.963728
5.113056
4.460111
3.975878
3.576305
3.254353
2.990678
2.754757
2.554672
2.386476
2.248507
2.109489
1.992812
1.886274
1.799562
1.705880
1.630811
1.566174
1.463412
1.426421
1.371570
1.319709
1.288869
1.234537
1.194526
1.153432
1.139397
1.084444
1.048792
1.023909
0.988250
0.967426
0.939793
0.919740
0.894050
0.873758
0.852208
0.834379
0.802672
0.797433
0.781179
0.765402
0.729067
0.731901
0.718161
0.708892
0.681154
0.678614
0.664791
0.652388
0.635455
0.630495
0.622952
0.609308
0.598475
0.589975
0.583629
0.570871
0.613201
0.554969
0.546358
0.538261
0.533038
0.521719
0.515782
0.504528
0.506624
0.494483
0.489842
0.480981
0.479626
0.468428
0.467158
0.458337
0.476617
0.448251
0.423842
0.435585
0.420374
0.424576
0.420039
0.415838
0.409394
0.407320
0.402593
0.398763
0.391170
0.389921
0.386252
0.376771
0.413833
0.374116
0.372673
0.366186
0.367938
0.358740
0.363003
0.353365
0.388947
0.345089
0.309224
0.340196
0.319354
0.334902
0.324774
0.328987
0.313518
0.320316
0.313629
0.300747
0.322516
0.315003
0.307446
0.312374
0.301756
0.305000
0.301714
0.298113
0.297766
0.294945
0.281625
0.289146
0.327847
0.286352
0.291179
0.281174
0.286257
0.277506
0.274328
0.274588
0.300488
0.268906
0.265458
0.298712
0.242613
0.260632
0.257100
0.261557
0.232202
0.255930
0.249800
0.252674
0.238465
0.248462
0.254270
0.246712
0.229604
0.242187
0.243927
0.239797
0.231865
0.238518
0.237469
0.233979
0.203408
0.235550
0.238842
0.219835
0.237223
0.225918
0.226902
0.221656
0.229490
0.219701
0.219664
0.219249
0.218569
0.218740
0.214489
0.215072
0.217017
0.212243
0.211070
0.210853
0.207587
0.208278
0.207622
0.204598
0.200127
0.205954
0.209238
0.197946
0.203626
0.200154
0.199940
0.197359
0.209217
0.196850
0.192690
0.194259
0.193452
0.191971
0.191645
0.190385
0.198451
0.190313
0.187790
0.190523
0.187058
0.184623
0.183326
0.184437
0.211002
0.178786
0.160623
0.189084
0.174585
0.181638
0.183066
0.180773
0.155382
0.177132
0.183146
0.177097
0.179862
0.175376
0.172486
0.173277
0.213962
0.173263
0.172808
0.168083
0.169689
0.170175
0.165153
0.173962
0.182535
0.169490
0.181727
0.167805
0.165567
0.168834
0.160087
0.164446
0.217328
0.165510
0.161204
0.163700
0.153378
0.160868
0.161127
0.161558
0.108295
0.159054
0.158371
0.159712
0.155667
0.158633
0.167056
0.153689
12.374488
0.155173
0.155922
0.153470
0.151991
0.149435
0.154943
0.152151
0.144445
0.152431
0.151352
0.150488
0.149355
0.150615
0.150631
0.149909
0.131513
0.148632
0.147561
0.146371
0.144831
0.146109
0.145159
0.146943
0.131414
0.145882
0.145275
0.144786
0.141778
0.144917
0.144023
0.143880
0.117240
0.141457
0.143217
0.140199
0.137362
0.141987
0.141465
0.141209
0.132732
0.139993
0.136398
0.141090
0.136134
0.139964
0.141479
0.139086
0.131810
0.142290
0.134917
0.137526
0.133829
0.137208
0.135740
0.137564
0.122851
0.135958
0.131135
0.137871
0.135392
0.135730
0.141031
0.134604
0.144949
0.136711
0.145043
0.140521
0.108224
0.174074
0.097290
0.117819
0.165478
0.121414
0.128183
0.125638
0.127472
0.129250
0.129744
0.127501
0.118434
0.128949
0.135717
0.127864
0.117449
0.129010
0.123716
0.130649
0.090162
0.131339
0.135248
0.138653
0.072673
0.245516
0.086937
0.108614
0.200717
0.113937
0.118967
0.118812
0.140048
0.118346
0.124338
0.119485
0.145951
0.119596
0.119639
0.121063
0.129303
0.120483
0.122141
0.118779
0.143651
0.120616
0.118005
0.118156
0.129830
0.113360
0.119459
0.117599
0.131993
0.120525
0.119451
0.119598
0.125139
0.117366
0.118984
0.116661
0.232150
0.117475
0.119639
0.116842
0.123478
0.116397
0.118801
0.117700
0.129133
0.120370
0.117785
0.115107
0.121829
0.118020
0.118965
0.115221
0.138019
0.116361
0.118042
0.114525
0.130420
0.115840
0.124562
0.116413
0.135453
0.115277
0.115306
0.114173
0.134972
0.112583
0.122452
0.116172
0.203857
0.112489
0.123363
0.117469
0.148425
0.106094
0.124071
0.112789
0.155489
0.112033
0.139068
0.113641
0.210977
0.112455
0.313836
0.111989
0.206154
0.112946
0.083407
0.111724
0.063879
0.115328
0.096270
0.110861
0.082440
0.103555
0.098114
0.108226
0.080208
0.113234
0.101478
0.110560
0.225992
0.111223
0.103292
0.109202
0.084212
0.109912
0.085445
0.111740
0.135441
0.109656
0.108122
0.110738
0.109609
0.108968
0.104638
0.108059
0.096204
0.119724
0.111214
0.111685
0.108341
0.112467
0.109085
0.113370
0.104420
0.110724
0.105771
0.110494
0.109594
0.111069
0.108434
0.109181
0.088321
0.108853
0.107776
0.110275
0.106250
0.111390
0.107353
0.110064
0.103650
0.110505
0.108085
0.110841
0.104524
0.109530
0.107493
0.108725
0.104197
0.109668
0.105740
0.110847
0.107968
0.111124
0.108044
0.109076
0.109287
0.110291
0.109409
0.110035
0.114308
0.105539
0.106021
0.108007
11.768058
0.109549
0.105884
0.107002
0.116819
0.110123
0.110472
0.110418
0.112243
0.109360
0.108923
0.110705
0.110857
0.108742
0.103379
0.111314
0.101066
0.113038
0.108516
0.111119
0.099155
0.114984
0.114833
0.122757
0.071892
0.103816
0.104492
0.110821
0.099004
0.109080
0.104579
0.106468
0.052623
0.109314
0.104090
0.108295
0.094881
0.109425
0.112236
0.109131
0.108229
0.107353
0.105192
0.108885
0.103637
0.106567
0.103052
0.096397
0.121129
0.114039
0.111434
0.113371
0.103640
0.110912
0.107972
0.113321
0.083863
0.112508
0.122893
0.111500
0.118101
0.110633
0.110659
0.111403
0.132018
0.112859
0.110702
0.111440
0.112194
0.113409
0.110610
0.115455
0.106619
0.112763
0.109432
0.110687
0.105420
0.111811
0.107258
0.113581
0.081476
0.113296
0.137711
0.113274
0.124019
0.114927
0.116447
0.114186
0.115322
0.112205
0.113904
0.108933
0.121296
0.116647
0.115260
0.113995
0.131828
0.116094
0.116325
0.114567
0.121429
0.116527
0.111130
0.114961
0.123167
0.114537
0.121950
0.116359
0.122230
0.116286
0.114189
0.117871
0.128473
0.116247
0.116262
0.125698
0.109793
0.113943
0.112834
0.124431
0.108975
0.117665
0.115219
0.118997
0.107727
0.118162
0.121072
0.118971
0.017419
0.120154
0.131434
0.119048
0.120794
0.120472
0.122503
0.117913
0.133725
0.122897
0.122854
0.140677
0.112891
0.123647
0.126582
0.117652
0.111274
0.121294
0.119636
0.122808
0.119887
0.124420
0.124820
0.124073
0.118630
0.122973
0.120370
0.125588
0.114378
0.125390
0.125908
0.128131
0.082481
0.132897
0.145815
0.063900
0.156831
0.118379
0.119425
0.120914
0.154850
0.122501
0.125079
0.124365
0.131814
0.124414
0.123787
0.125236
0.143828
0.127951
0.125918
0.128371
0.130894
0.126618
0.126762
0.125957
0.148848
0.126068
0.120201
0.138513
0.126273
0.131348
0.133446
0.132757
0.079213
0.133524
0.133826
0.132558
0.136121
0.132855
0.129102
0.133068
0.143963
0.134742
0.132526
0.133745
0.135824
0.135748
0.131559
0.143817
0.154897
0.138717
0.139836
0.136760
0.137667
0.139105
0.130789
0.138373
0.158386
0.138514
0.139440
0.140598
0.135422
0.139991
0.142864
0.142543
0.117873
0.141157
0.143170
0.140917
0.141320
0.144841
0.150589
0.138405
0.140513
0.143849
0.158638
0.144528
0.146727
0.143930
0.148572
0.146960
0.173221
0.150472
0.145265
0.148649
0.146752
0.150832
0.149449
0.151093
0.148434
0.151816
0.148453
0.155010
0.152118
0.153561
0.152572
0.156473
12.263370
0.158917
0.145758
0.155016
0.155948
0.156884
0.157089
0.158699
0.176496
0.156857
0.158640
0.159105
0.162742
0.161839
0.161592
0.163170
0.137366
0.163691
0.164339
0.164299
0.163938
0.166328
0.163904
0.166015
0.158271
0.166501
0.167789
0.169740
0.168856
0.171933
0.170421
0.172531
0.137550
0.173029
0.172336
0.175216
0.175708
0.175764
0.177919
0.175035
0.159607
0.178832
0.179935
0.182330
0.176002
0.187331
0.165155
0.179006
0.198853
0.184243
0.181795
0.184175
0.186471
0.187876
0.185867
0.187774
0.194942
0.190917
0.189526
0.193048
0.193334
0.192723
0.187927
0.195985
0.215625
0.195514
0.199725
0.195392
0.213844
0.180459
0.231854
0.214253
0.165310
0.203915
0.211147
0.211103
0.202018
0.211037
0.214733
0.213652
0.171857
0.216016
0.221018
0.217052
0.205899
0.221129
0.220068
0.222559
0.204068
0.227562
0.218954
0.229014
0.213730
0.288380
0.218061
0.225867
0.270415
0.237211
0.230609
0.236731
0.241172
0.237994
0.235865
0.241004
0.250896
0.244739
0.238863
0.249011
0.253547
0.250813
0.253006
0.255466
0.263379
0.258291
0.258754
0.261582
0.266832
0.251845
0.264846
0.268386
0.255889
0.272556
0.271752
0.276007
0.272479
0.280654
0.279024
0.285911
