0.231823
0.264862
0.261781
0.263634
0.262011
0.264230
0.262889
0.266161
0.258776
0.266597
0.263433
0.259067
0.270024
0.264491
0.264174
0.268100
0.272260
0.268753
0.266790
0.269307
0.267731
0.272380
0.254665
0.272724
0.296734
0.274229
0.275510
0.275579
0.284990
0.278731
0.277396
0.280533
0.312713
0.272037
0.268665
0.333281
0.264514
0.294544
0.288547
0.296302
0.268326
0.297968
0.294219
0.302114
0.275658
0.303957
0.286003
0.309413
0.364105
0.312690
0.326308
0.318067
0.324338
0.323751
0.329120
0.323620
0.325553
0.339623
0.341529
0.340668
0.341957
0.348932
0.356364
0.355044
0.342733
0.362366
0.363916
0.369145
0.378252
0.380594
0.379979
0.388851
0.404177
0.399081
0.405814
0.411403
0.423834
0.421564
0.428716
0.438347
0.457669
0.449606
0.453939
0.470162
0.479409
0.486508
0.495328
0.504492
0.507866
0.525504
0.539971
0.551678
0.565227
0.577375
0.592847
0.606595
0.595522
0.641877
0.660796
0.681435
0.702154
0.725448
0.750990
0.777036
0.799575
0.840426
0.873754
0.913598
0.955982
1.001203
1.054699
1.112087
1.163793
1.252106
1.336795
1.434810
1.552513
1.683122
1.845859
2.044545
2.294147
2.613597
3.038747
3.631815
4.526773
6.016769
8.996031
17.942701
8191998.976000
17.832447
8.886274
5.908393
4.417113
3.522399
2.929794
2.503293
2.200146
1.934575
1.735772
1.574717
1.447372
1.325148
1.227349
1.140351
1.047713
1.004040
0.946983
0.892371
0.849191
0.803053
0.756302
0.733650
0.677213
0.663908
0.636159
0.610693
0.596382
0.570750
0.548310
0.528645
0.515849
0.494496
0.476945
0.464835
0.446401
0.436479
0.421207
0.413944
0.405023
0.390168
0.381139
0.370721
0.358158
0.350645
0.353525
0.338080
0.305254
0.319716
0.317054
0.311146
0.295947
0.294849
0.289574
0.282549
0.266112
0.272822
0.270977
0.262404
0.256531
0.252663
0.250207
0.242735
0.278647
0.235828
0.230506
0.227482
0.225363
0.219502
0.217022
0.212000
0.209275
0.208233
0.204521
0.200517
0.198819
0.193829
0.193683
0.189541
0.188546
0.185021
0.177295
0.178457
0.171239
0.174083
0.172222
0.171045
0.157612
0.167256
0.163826
0.162559
0.148556
0.182271
0.147336
0.147159
0.198327
0.149115
0.148000
0.144894
0.152947
0.142259
0.143481
0.140237
0.164947
0.135266
0.115955
0.133723
0.131048
0.131039
0.128578
0.128788
0.137624
0.124157
0.121929
0.117272
0.136406
0.103604
0.118475
0.122093
0.099350
0.117527
0.115583
0.114420
0.109101
0.113165
0.101757
0.109875
0.164155
0.109647
0.118231
0.106492
0.111022
0.105502
0.104518
0.102819
0.121418
0.098873
0.102693
0.117934
0.085728
0.105631
0.100994
0.099159
0.086627
0.095582
0.096393
0.094571
0.095624
0.093291
0.112057
0.093282
0.064660
0.090019
0.087923
0.089899
0.080186
0.089285
0.087274
0.087344
0.041755
0.091747
0.093272
0.064605
0.096378
0.081979
0.082014
0.080093
0.092559
0.079520
0.080064
0.079981
0.085255
0.079400
0.083827
0.076866
0.077222
0.076658
0.074967
0.077016
0.074544
0.075338
0.074003
0.072928
0.075009
0.074873
0.073294
0.073743
0.070963
0.072121
0.072574
0.070868
0.040234
0.071574
0.068130
0.069855
0.070526
0.068966
0.065210
0.068115
0.080946
0.068746
0.067252
0.067682
0.072608
0.063580
0.064165
0.068489
0.089978
0.064691
0.056860
0.067974
0.068820
0.065210
0.064595
0.065108
0.062251
0.062689
0.067013
0.063972
0.067985
0.062297
0.064744
0.062633
0.082129
0.062563
0.061683
0.059253
0.055629
0.064066
0.063620
0.063344
0.084213
0.054670
0.066734
0.058220
0.054524
0.057657
0.054869
0.055806
0.079346
0.058868
0.056750
0.056638
0.048629
0.056311
0.057422
0.056905
0.041891
0.055116
0.054054
0.057216
0.056510
0.055278
0.058412
0.054857
13.065922
0.055413
0.052058
0.053204
0.053318
0.052213
0.054932
0.055190
0.055354
0.053102
0.052703
0.052096
0.056544
0.053046
0.052934
0.052891
0.038971
0.052258
0.052876
0.051206
0.052669
0.052344
0.050783
0.052322
0.043425
0.050227
0.051269
0.050694
0.050627
0.051434
0.050926
0.050739
0.024443
0.049470
0.051238
0.050268
0.051834
0.051239
0.051833
0.048895
0.042639
0.049269
0.049994
0.050584
0.052531
0.051743
0.044077
0.047138
0.062659
0.050498
0.047660
0.046904
0.055391
0.048904
0.049121
0.047856
0.059884
0.047921
0.045478
0.049291
0.053497
0.046706
0.046483
0.048079
0.062797
0.048484
0.054347
0.049550
0.045835
0.053626
0.053259
0.052783
0.056130
0.042522
0.051153
0.048040
0.058288
0.047230
0.060392
0.046495
0.158226
0.047550
0.097829
0.046130
0.053636
0.048052
0.044179
0.047463
0.038176
0.049046
0.042804
0.051005
0.042245
0.098561
0.033568
0.033704
0.077008
0.044488
0.042397
0.044560
0.051941
0.043468
0.044371
0.043988
0.067450
0.044203
0.027678
0.045383
0.041914
0.043697
0.041852
0.044407
0.048570
0.044824
0.041494
0.042234
0.048122
0.037548
0.042273
0.045791
0.038225
0.045846
0.042791
0.044316
0.042243
0.043983
0.042214
0.045347
0.012318
0.045347
0.042215
0.043984
0.042244
0.044317
0.042791
0.045847
0.038225
0.045792
0.042274
0.037549
0.048123
0.042235
0.041495
0.044825
0.048571
0.044408
0.041853
0.043698
0.041915
0.045383
0.027679
0.044205
0.067451
0.043989
0.044372
0.043469
0.051942
0.044561
0.042398
0.044489
0.077009
0.033705
0.033569
0.098562
0.042245
0.051006
0.042804
0.049047
0.038176
0.047464
0.044180
0.048052
0.053636
0.046131
0.097830
0.047551
0.158227
0.046496
0.060393
0.047231
0.058289
0.048041
0.051154
0.042523
0.056131
0.052784
0.053260
0.053627
0.045836
0.049551
0.054347
0.048484
0.062798
0.048079
0.046484
0.046707
0.053498
0.049292
0.045479
0.047921
0.059885
0.047857
0.049122
0.048905
0.055392
0.046905
0.047661
0.050499
0.062659
0.047139
0.044078
0.051744
0.052532
0.050586
0.049995
0.049270
0.042640
0.048896
0.051835
0.051240
0.051836
0.050269
0.051239
0.049472
0.024444
0.050741
0.050928
0.051435
0.050628
0.050695
0.051271
0.050228
0.043426
0.052324
0.050784
0.052345
0.052670
0.051207
0.052878
0.052260
0.038973
0.052894
0.052937
0.053049
0.056546
0.052099
0.052706
0.053105
0.055357
0.055194
0.054937
0.052218
0.053325
0.053212
0.052070
0.055440
4.111993
0.054835
0.058399
0.055270
0.056505
0.057211
0.054051
0.055113
0.041889
0.056903
0.057420
0.056309
0.048628
0.056636
0.056749
0.058867
0.079345
0.055806
0.054868
0.057656
0.054523
0.058219
0.066733
0.054670
0.084213
0.063344
0.063619
0.064066
0.055629
0.059253
0.061683
0.062562
0.082129
0.062633
0.064744
0.062296
0.067985
0.063971
0.067013
0.062689
0.062251
0.065108
0.064595
0.065210
0.068820
0.067974
0.056860
0.064691
0.089978
0.068489
0.064165
0.063580
0.072608
0.067682
0.067252
0.068746
0.080947
0.068115
0.065210
0.068966
0.070526
0.069855
0.068130
0.071574
0.040234
0.070868
0.072573
0.072120
0.070963
0.073743
0.073294
0.074873
0.075009
0.072928
0.074003
0.075338
0.074544
0.077017
0.074967
0.076658
0.077222
0.076866
0.083827
0.079401
0.085255
0.079982
0.080065
0.079520
0.092559
0.080093
0.082014
0.081979
0.096379
0.064605
0.093272
0.091747
0.041756
0.087344
0.087275
0.089285
0.080187
0.089899
0.087923
0.090019
0.064660
0.093283
0.112057
0.093292
0.095625
0.094571
0.096394
0.095582
0.086628
0.099159
0.100994
0.105632
0.085729
0.117935
0.102694
0.098874
0.121419
0.102820
0.104518
0.105503
0.111022
0.106492
0.118232
0.109648
0.164155
0.109874
0.101757
0.113164
0.109100
0.114419
0.115583
0.117526
0.099349
0.122092
0.118474
0.103603
0.136405
0.117271
0.121928
0.124156
0.137623
0.128787
0.128577
0.131038
0.131048
0.133723
0.115955
0.135265
0.164946
0.140237
0.143480
0.142259
0.152946
0.144894
0.147999
0.149114
0.198326
0.147159
0.147336
0.182271
0.148556
0.162558
0.163826
0.167255
0.157611
0.171044
0.172222
0.174083
0.171239
0.178457
0.177295
0.185020
0.188545
0.189540
0.193682
0.193828
0.198819
0.200516
0.204520
0.208232
0.209275
0.211999
0.217021
0.219502
0.225363
0.227481
0.230506
0.235828
0.278646
0.242734
0.250207
0.252662
0.256530
0.262403
0.270976
0.272821
0.266111
0.282549
0.289573
0.294848
0.295946
0.311146
0.317053
0.319715
0.305254
0.338079
0.353524
0.350645
0.358157
0.370721
0.381138
0.390168
0.405022
0.413944
0.421206
0.436477
0.446400
0.464834
0.476944
0.494494
0.515848
0.528644
0.548309
0.570749
0.596381
0.610693
0.636159
0.663907
0.677212
0.733648
0.756301
0.803051
0.849189
0.892370
0.946981
1.004039
1.047711
1.140349
1.227347
1.325145
1.447369
1.574715
1.735769
1.934573
2.200142
2.503288
2.929788
3.522392
4.417105
5.908383
8.886258
17.832417
8191987.967991
17.942682
8.996022
6.016763
4.526769
3.631812
3.038746
2.613596
2.294145
2.044543
1.845857
1.683119
1.552512
1.434809
1.336794
1.252105
1.163792
1.112086
1.054697
1.001201
0.955981
0.913597
0.873754
0.840426
0.799574
0.777035
0.750989
0.725447
0.702153
0.681434
0.660795
0.641876
0.595521
0.606596
0.592847
0.577374
0.565227
0.551678
0.539971
0.525503
0.507866
0.504491
0.495328
0.486507
0.479409
0.470162
0.453939
0.449605
0.457669
0.438347
0.428715
0.421563
0.423834
0.411403
0.405814
0.399081
0.404176
0.388850
0.379979
0.380594
0.378252
0.369145
0.363917
0.362367
0.342733
0.355043
0.356364
0.348931
0.341957
0.340668
0.341528
0.339623
0.325553
0.323620
0.329120
0.323751
0.324338
0.318067
0.326308
0.312689
0.364104
0.309413
0.286003
0.303957
0.275658
0.302114
0.294219
0.297968
0.268326
0.296301
0.288547
0.294543
0.264514
0.333281
0.268665
0.272036
0.312712
0.280534
0.277396
0.278731
0.284990
0.275579
0.275510
0.274230
0.296734
0.272724
0.254665
0.272380
0.267731
0.269307
0.266790
0.268753
0.272260
0.268100
0.264174
0.264491
0.270024
0.259067
0.263433
0.266597
0.258776
0.266161
0.262889
0.264230
0.262011
0.263634
0.261782
0.264863
